1 3398
2 1111
3 1922
4 1397
5 1578
6 5608
7 2313
8 3329
9 2582
10 3023
11 3092
12 3518
13 4049
14 5717
15 4994
16 5714
17 6027
18 11710
19 8973
20 7897
21 9353
22 8920
23 11787
24 10454
25 11586
26 13549
27 12915
28 12936
29 15820
30 15504
31 17242
32 16157
33 18945
34 18398
35 20689
36 27566
37 20983
38 23464
39 24773
40 25812
41 25880
42 25480
43 29492
44 37021
45 32708
46 33937
47 34335
48 35380
49 39148
50 38401
51 42068
53 42971
55 45773
57 50120
59 53050
61 62109
63 64704
65 76983
67 69760
69 87961
71 93509
73 81243
75 85976
77 88535
79 95635
81 99879
83 103365
85 109448
87 116290
89 119968
91 129435
93 132345
95 134316
97 137606
99 148779
101 157085
104 163181
107 182392
110 176717
113 202701
116 91634
119 98558
122 71562
125 68224
128 80413
131 87059
134 87356
137 92768
140 94679
143 104186
146 141323
149 101856
152 115976
156 146087
160 126575
164 114011
168 161936
172 152055
176 150395
180 160663
184 168379
188 170498
192 185314
196 188984
200 246130
204 196089
209 235126
214 234642
219 237314
224 248165
229 253060
234 277835
239 262798
244 303773
249 277875
254 523307
260 429482
266 361832
272 374016
278 390167
284 404245
290 646848
296 1168929
302 790721
309 518635
316 723244
323 571448
330 551668
337 748984
344 645681
351 615716
359 732749
367 651206
375 710286
383 746596
391 733421
399 781618
407 833028
416 826247
425 867359
434 920906
443 951205
452 1007172
462 1137389
472 1019427
482 975201
492 368931
502 363963
513 377211
524 387539
535 402145
546 413906
557 431127
569 444588
581 456736
593 469137
605 485486
618 504517
631 518218
644 787921
657 550852
671 573866
685 596335
699 635592
713 635151
728 674584
743 689754
758 706931
774 589637
790 615060
806 646589
823 664489
840 674446
857 770238
875 730387
893 770031
911 765880
930 840693
949 839230
968 900345
988 907557
1008 946103
1029 988567
1050 1016157
1071 1064548
1093 1097339
1115 1121248
1138 1191498
1161 1229772
1185 1258698
1209 1322269
1234 1376390
1259 1423132
1285 1479586
1311 1568246
1338 1754006
1365 1692946
1393 1707661
1421 1928606
1450 2028337
1479 1932341
1509 2304970
1540 2152293
1571 2254059
1603 2360819
1636 2530085
1669 2489881
1703 2654393
1738 2759176
1773 3003005
1809 2921470
1846 3143931
1883 3207101
1921 3360579
1960 3331728
2000 3627295
2040 3622888
2081 4033354
2123 4184974
2166 4189494
2210 4393690
2255 4562406
2301 4484437
2348 4794346
2395 4907107
2443 5092701
2492 5344221
2542 5647397
2593 5794242
2645 5972832
2698 6365109
2752 7319217
2808 7204944
2865 7270416
2923 8026045
2982 8116385
3042 8491607
3103 8902109
3166 9125133
3230 9967924
3295 9817125
3361 10196599
3429 10334289
3498 10985337
3568 11684194
3640 11987581
3713 13178017
3788 13508155
3864 14211404
3942 15863220
4021 15580484
4102 16074241
4185 16338813
4269 16554882
4355 17048840
4443 19392954
4532 20105908
4623 21024600
4716 21953992
4811 21913086
4908 22979758
5007 23488507
5108 24764763
5211 27696053
5316 28386392
5423 28795050
5532 29589990
5643 30025756
5756 35638930
5872 35516207
5990 37359793
6110 36750247
6233 37927530
6358 42465852
6486 43209277
6616 44048753
6749 45159253
6884 49892747
7022 53296602
7163 52512456
7307 53531746
7454 58321499
7604 60951964
7757 63285473
7913 64435559
8072 67740802
8234 73668826
8399 74508934
8567 77783539
8739 83733401
8914 87582630
9093 90005372
9275 95105842
9461 96871764
9651 101646870
9845 107636122
10042 111574679
10243 115638023
10448 121011559
10657 127162118
10871 132001343
11089 139345514
11311 141574449
11538 153047699
11769 156632230
12005 168024339
12246 169420797
12491 179664288
12741 189917057
12996 194397577
13256 206243225
13522 217484760
13793 225957849
14069 236504516
14351 249097711
14639 255530305
14932 267295646
15231 276189184
15536 291898971
15847 306725305
16164 317226487
16488 333470781
16818 352781536
17155 363438714
17499 375376329
17849 393514514
18206 412776421
18571 427547322
18943 445950050
19322 469705061
19709 488900967
20104 532921164
20507 544238919
20918 567484181
21337 576080632
21764 622729099
22200 634770809
22644 664028978
23097 698052134
23559 718887773
24031 751269923
24512 791131648
25003 810537482
25504 849283734
26015 878478036
26536 938628060
27067 970547367
27609 1006583423
28162 1034710860
28726 1080148057
29301 1130094749
29888 1170775951
