1 11888
2 11940
3 6615
4 5682
5 6679
6 5414
7 3213
8 2197
9 2256
10 1628
11 5831
12 3717
13 3606
14 5072
15 4829
16 4531
17 6926
18 5361
19 4516
20 5087
21 5329
22 5119
23 6331
24 6014
25 6172
26 5066
27 6837
28 6349
29 7988
30 6889
31 7142
32 7339
33 6833
34 7381
35 9286
36 8125
37 8316
38 7926
39 8279
40 8814
41 9929
42 9272
43 9995
44 11682
45 9515
46 9717
47 10052
48 9865
49 23099
50 11688
51 10731
53 14002
55 11191
57 13204
59 16688
61 12748
63 15720
65 15048
67 16444
69 14873
71 32941
73 16499
75 15739
77 17674
79 19590
81 16962
83 19494
85 19763
87 19385
89 20948
91 21362
93 25954
95 21230
97 22302
99 21127
101 47302
104 12789
107 17055
110 10248
113 13336
116 12171
119 11089
122 10862
125 7757
128 7786
131 7943
134 8301
137 8584
140 8533
143 8890
146 9166
149 9681
152 9288
156 10431
160 13797
164 10150
168 10304
172 11010
176 11107
180 11203
184 11636
188 12303
192 12766
196 13564
200 12910
204 13350
209 13358
214 13963
219 14301
224 14178
229 24756
234 16184
239 16728
244 15589
249 16382
254 26085
260 18294
266 18980
272 18429
278 18799
284 18547
290 21540
296 27336
302 23911
309 21317
316 22681
323 23920
330 23342
337 22961
344 23505
351 24226
359 24566
367 25045
375 27460
383 27756
391 21395
399 20060
407 21985
416 21108
425 23254
434 22536
443 21904
452 23003
462 26292
472 24849
482 24752
492 25091
502 26539
513 26188
524 27266
535 28270
546 38717
557 29488
569 29393
581 30408
593 31963
605 32589
618 31982
631 32911
644 34558
657 34385
671 35487
685 36700
699 44714
713 36087
728 36048
743 36797
758 51051
774 39316
790 39516
806 39251
823 42273
840 41342
857 41923
875 43618
893 46103
911 46180
930 47812
949 47916
968 52247
988 49376
1008 51858
1029 52526
1050 56175
1071 55220
1093 56123
1115 59067
1138 58235
1161 59377
1185 62225
1209 62944
1234 65120
1259 67743
1285 66809
1311 67339
1338 71004
1365 80121
1393 78832
1421 82937
1450 76668
1479 80116
1509 82865
1540 83988
1571 113384
1603 95098
1636 98516
1669 104908
1703 101313
1738 139040
1773 107325
1809 184633
1846 113283
1883 130832
1921 150349
1960 161814
2000 125929
2040 123731
2081 140278
2123 131971
2166 130684
2210 147850
2255 136499
2301 138415
2348 146626
2395 142819
2443 151510
2492 151976
2542 155345
2593 160919
2645 160408
2698 170970
2752 176374
2808 178955
2865 186299
2923 187648
2982 202665
3042 200894
3103 219628
3166 204078
3230 212352
3295 204990
3361 207266
3429 218350
3498 227418
3568 227642
3640 232772
3713 245783
3788 255570
3864 256148
3942 286266
4021 292404
4102 270393
4185 269879
4269 266549
4355 276977
4443 331785
4532 308250
4623 313536
4716 318112
4811 314138
4908 318566
5007 315670
5108 338149
5211 347131
5316 357357
5423 387155
5532 367274
5643 375890
5756 414414
5872 424898
5990 532872
6110 399740
6233 408615
6358 436610
6486 504711
6616 434695
6749 444508
6884 465086
7022 470411
7163 474601
7307 527990
7454 507078
7604 503707
7757 535118
7913 535745
8072 539279
8234 557895
8399 635928
8567 580987
8739 642262
8914 601083
9093 658632
9275 672364
9461 641392
9651 654969
9845 678327
10042 680661
10243 708193
10448 720934
10657 755649
10871 749532
11089 755722
11311 788863
11538 805890
11769 873080
12005 844290
12246 1075213
12491 921642
12741 923968
12996 976464
13256 940072
13522 986786
13793 953693
14069 1000839
14351 1132342
14639 1074512
14932 1095404
15231 1116836
15536 1151734
15847 1180190
16164 1159376
16488 1221165
16818 1247874
17155 1231232
17499 1301512
17849 1305025
18206 1300793
18571 1342725
18943 1373408
19322 1398696
19709 1498701
20104 1521474
20507 1620669
20918 1608366
21337 1620283
21764 1586647
22200 1762753
22644 1650319
23097 1731917
23559 1846420
24031 2114395
24512 1834270
25003 1889616
25504 1884536
26015 2042513
26536 2101885
27067 2057082
27609 2059076
28162 2160064
28726 2200190
29301 2182039
29888 2609168
30486 2537749
31096 2454224
31718 2716943
32353 2580125
33001 2637261
33662 2732835
34336 2781000
35023 2729099
35724 2801675
36439 2911445
37168 2903099
37912 3072495
38671 3005993
39445 3142951
40234 3167696
41039 3212833
41860 3281944
42698 3702795
43552 4258286
44424 3868523
45313 5143642
46220 3943838
47145 4097187
48088 4097390
49050 4206692
50031 4090322
51032 4180993
52053 4105051
53095 4212800
54157 4611285
55241 4902904
56346 5043769
57473 5025715
58623 5171645
59796 5341133
60992 5328360
62212 5299165
63457 5384729
64727 5357247
66022 5450184
67343 5551029
68690 6496633
70064 6696549
71466 6241622
72896 6493007
74354 6701425
75842 6463289
77359 6345181
78907 6521595
80486 6720173
82096 7568852
83738 7993191
85413 7861438
87122 7991184
88865 7780273
90643 7794831
92456 7936994
94306 8654802
96193 8687086
98117 8798175
