1 2791
2 5021
3 1792
4 1306
5 1478
6 3312
7 1547
8 2349
9 2000
10 2082
11 1731
12 2118
13 3178
14 3375
15 3586
16 3221
17 3612
18 3631
19 4624
20 3698
21 5890
22 6771
23 5243
24 6939
25 6516
26 5175
27 5628
28 6966
29 9845
30 8768
31 8830
32 6171
33 10816
34 10045
35 9544
36 26569
37 13644
38 11286
39 14110
40 14138
41 14930
42 14182
43 17348
44 15159
45 19860
46 18111
47 17621
48 19952
49 22237
50 20082
51 23189
53 22606
55 24776
57 26312
59 29766
61 34583
63 41678
65 36868
67 47509
69 81536
71 42655
73 41816
75 46297
77 52583
79 54553
81 63037
83 54164
85 54451
87 56903
89 69254
91 65070
93 72592
95 78028
97 76856
99 85385
101 81827
104 94832
107 87760
110 103991
113 112842
116 110385
119 113102
122 117755
125 128388
128 51527
131 73731
134 18462
137 66557
140 15574
143 68558
146 18986
149 19544
152 67467
156 48064
160 21531
164 79427
168 76956
172 30647
176 73265
180 75171
184 81227
188 90023
192 83849
196 87294
200 127560
204 82278
209 37386
214 134267
219 93303
224 137974
229 96121
234 143291
239 142450
244 143960
249 103996
254 243931
260 152506
266 184297
272 94453
278 77857
284 79595
290 119083
296 147221
302 224171
309 88694
316 109419
323 104628
330 88010
337 85878
344 84616
351 86367
359 22089
367 23672
375 24335
383 25869
391 25652
399 25862
407 27281
416 29144
425 30531
434 31903
443 33079
452 34016
462 38049
472 35952
482 38120
492 39670
502 41580
513 42861
524 45040
535 45522
546 46636
557 50527
569 55098
581 52880
593 57540
605 56912
618 58914
631 61260
644 69421
657 70340
671 71636
685 70717
699 78869
713 79270
728 82046
743 86114
758 92374
774 90048
790 95530
806 95936
823 106808
840 112690
857 153034
875 115470
893 124733
911 128084
930 131832
949 138531
968 144090
988 151185
1008 151619
1029 159967
1050 167168
1071 175700
1093 177177
1115 190665
1138 194230
1161 207913
1185 213858
1209 222709
1234 232316
1259 241155
1285 249937
1311 256224
1338 309791
1365 289508
1393 294816
1421 320565
1450 442082
1479 336597
1509 367751
1540 401365
1571 372165
1603 376577
1636 465376
1669 405882
1703 451303
1738 694315
1773 466675
1809 573240
1846 572875
1883 578486
1921 591408
1960 568629
2000 722318
2040 610570
2081 726507
2123 727100
2166 690750
2210 720076
2255 830628
2301 770351
2348 789165
2395 810357
2443 858199
2492 914040
2542 904620
2593 942919
2645 1042562
2698 1047461
2752 1248266
2808 1161753
2865 1272786
2923 1388381
2982 1273273
3042 1389217
3103 1448057
3166 1465704
3230 1650111
3295 1591707
3361 1593574
3429 1638604
3498 1757278
3568 1862214
3640 1932589
3713 2042721
3788 2211056
3864 2165542
3942 2384469
4021 2460848
4102 2469862
4185 2448633
4269 2449958
4355 2754614
4443 2957208
4532 3057070
4623 3166383
4716 3395911
4811 3218235
4908 3262520
5007 3500353
5108 4034064
5211 3884311
5316 4273940
5423 4234584
5532 4336110
5643 4377993
5756 4747090
5872 5407022
5990 4924236
6110 5306244
6233 5489630
6358 6436939
6486 5977533
6616 6061177
6749 6210687
6884 6904707
7022 7114053
7163 7031710
7307 7333579
7454 7779110
7604 7975296
7757 8376424
7913 9724110
8072 9047591
8234 9466545
8399 9758306
8567 10237787
8739 10443676
8914 11828854
9093 13482111
9275 13086333
9461 12623534
9651 12919871
9845 13676089
10042 13951134
10243 14554187
10448 14977305
10657 15494415
10871 16234980
11089 18162588
11311 17536773
11538 18461904
11769 18774201
12005 19526209
12246 21039645
12491 21426842
12741 24969603
12996 25711791
13256 26422355
13522 25558347
13793 26510448
14069 27197619
14351 28118874
14639 29660486
14932 30512740
15231 33011991
15536 34810588
15847 35497859
16164 35972925
16488 37853288
16818 40835973
17155 40656030
17499 41808548
17849 43899676
18206 45379046
18571 47252619
18943 49700899
19322 51603095
19709 57605093
20104 58083021
20507 59663984
20918 59811430
21337 62712927
21764 65979872
22200 69460504
22644 70084562
23097 74778950
23559 76684562
24031 79421979
24512 83101637
25003 85891865
25504 89210106
26015 92103815
26536 102155834
27067 106031896
27609 103813558
28162 109469566
28726 113174605
29301 120716375
29888 121701095
