1 7477
2 4512
3 1822
4 1597
5 1855
6 2853
7 2342
8 2440
9 2650
10 10849
11 4767
12 4684
13 5127
14 5526
15 5980
16 5634
17 6176
18 6104
19 8053
20 8424
21 8610
22 8755
23 8989
24 9052
25 8897
26 9432
27 9463
28 9406
29 9437
30 9641
31 11222
32 10873
33 10285
34 10332
35 11465
36 11432
37 12976
38 14701
39 13705
40 14731
41 11905
42 11554
43 12112
44 12988
45 14152
46 15277
47 12832
48 12695
49 12964
50 13399
51 13257
53 24200
55 15413
57 15093
59 14105
61 14706
63 14747
65 16331
67 16195
69 26859
71 25885
73 17662
75 19614
77 22674
79 24947
81 26827
83 24423
85 28219
87 27227
89 29446
91 47495
93 18685
95 14312
97 8878
99 7237
101 9393
104 7554
107 14164
110 9142
113 7522
116 9845
119 7722
122 7905
125 11279
128 10021
131 10202
134 8770
137 8787
140 10852
143 11598
146 11800
149 11770
152 10257
156 13534
160 12774
164 12704
168 13692
172 14723
176 14088
180 14563
184 13861
188 14396
192 29239
196 15238
200 18404
204 17992
209 29632
214 18591
219 18575
224 18148
229 18990
234 19677
239 20395
244 20830
249 21331
254 28435
260 23642
266 22573
272 20863
278 23158
284 24984
290 62832
296 35027
302 35318
309 28101
316 44365
323 31303
330 31431
337 29118
344 28828
351 32365
359 32691
367 34277
375 34272
383 34042
391 32938
399 32993
407 36658
416 27072
425 28778
434 34709
443 28601
452 53645
462 30854
472 30240
482 31184
492 31918
502 54056
513 32317
524 36129
535 38613
546 37711
557 38221
569 37943
581 39115
593 40684
605 43218
618 43408
631 43459
644 43703
657 46842
671 59082
685 54279
699 48608
713 69016
728 50622
743 79983
758 54837
774 59863
790 58930
806 58631
823 59000
840 61875
857 62010
875 99886
893 61887
911 67080
930 73242
949 67052
968 67777
988 71552
1008 70614
1029 79751
1050 91859
1071 77487
1093 79985
1115 80794
1138 81376
1161 85520
1185 87488
1209 89683
1234 116332
1259 123774
1285 113327
1311 119693
1338 113946
1365 121273
1393 157635
1421 178438
1450 125354
1479 184552
1509 144316
1540 129612
1571 148370
1603 140296
1636 251176
1669 143544
1703 145982
1738 171418
1773 160135
1809 154769
1846 188254
1883 210635
1921 190381
1960 167994
2000 197545
2040 182916
2081 208740
2123 203226
2166 220082
2210 209079
2255 192013
2301 196118
2348 203877
2395 219408
2443 270257
2492 227773
2542 259170
2593 244074
2645 254808
2698 250611
2752 265441
2808 304761
2865 274316
2923 290458
2982 356976
3042 325675
3103 290448
3166 298480
3230 341042
3295 350796
3361 316828
3429 323374
3498 345374
3568 387715
3640 555979
3713 349857
3788 372086
3864 380322
3942 446124
4021 439450
4102 381441
4185 400993
4269 390740
4355 408974
4443 463403
4532 448096
4623 462761
4716 540462
4811 458900
4908 489103
5007 473000
5108 530380
5211 7172148
5316 482781
5423 528088
5532 426794
5643 422985
5756 545329
5872 639060
5990 526058
6110 493990
6233 664291
6358 568405
6486 506708
6616 507589
6749 547053
6884 552975
7022 759302
7163 628658
7307 648783
7454 601035
7604 721411
7757 614594
7913 647834
8072 638881
8234 656369
8399 651447
8567 670053
8739 736303
8914 717345
9093 740993
9275 792188
9461 869252
9651 791514
9845 835910
10042 852668
10243 912672
10448 851074
10657 947645
10871 896902
11089 913426
11311 963082
11538 966026
11769 1154898
12005 1187127
12246 2095877
12491 1342454
12741 1340895
12996 1334066
13256 1349479
13522 1355115
13793 1395986
14069 1418642
14351 1881442
14639 1580145
14932 1547758
15231 1599847
15536 1647664
15847 1629797
16164 1649012
16488 1824309
16818 1791520
17155 1768814
17499 1950208
17849 2004908
18206 1906509
18571 2050298
18943 2146808
19322 2098162
19709 2241569
20104 3734222
20507 2421884
20918 2403285
21337 2330201
21764 2394726
22200 2523731
22644 2423452
23097 2512731
23559 2652574
24031 2769141
24512 2873428
25003 2761638
25504 2789526
26015 2912702
26536 3036533
27067 2942106
27609 2955074
28162 3154493
28726 3102502
29301 3234923
29888 3282560
30486 3612309
31096 3454222
31718 3474782
32353 3544598
33001 3618225
33662 3739130
34336 3806694
35023 3867890
35724 3909797
36439 3980253
37168 4126756
37912 4291563
38671 4535642
39445 4693112
40234 4688926
41039 4920950
41860 4988855
42698 4942830
43552 6291183
44424 7468088
45313 6669082
46220 7455673
47145 8186393
48088 4894911
49050 5036061
50031 4893625
51032 4982668
52053 4882892
53095 5046993
54157 5523300
55241 5756911
56346 6712135
57473 6095081
58623 6310584
59796 6656489
60992 6412616
62212 6560658
63457 6628579
64727 6526277
66022 6582504
67343 6727075
68690 6765877
70064 7386916
71466 8010371
72896 8035712
74354 8271363
75842 8204466
77359 8133611
78907 7909181
80486 8098112
82096 8118451
83738 9248098
85413 9187488
87122 9309236
88865 9798983
90643 11933610
92456 9760823
94306 9448419
96193 11730506
98117 10390277
