1 9586
2 27624
3 8414
4 7144
5 7559
6 7094
7 21273
8 17996
9 3867
10 3412
11 4095
12 4096
13 4596
14 5992
15 6273
16 5207
17 5969
18 6008
19 7497
20 7105
21 5993
22 7350
23 7348
24 8967
25 8708
26 7483
27 20173
28 19075
29 6556
30 6491
31 6652
32 6164
33 7115
34 9599
35 7038
36 7729
37 2828
38 2921
39 2959
40 2996
41 3147
42 3064
43 3208
44 3135
45 3480
46 3205
47 3417
48 4047
49 3561
50 4105
51 3733
53 3701
55 3843
57 4402
59 4411
61 4491
63 4803
65 5228
67 5380
69 5478
71 7282
73 6743
75 5812
77 5620
79 5647
81 5787
83 6045
85 5714
87 6343
89 6934
91 7286
93 7029
95 6940
97 6872
99 7243
101 7277
104 14794
107 8861
110 8501
113 8608
116 8198
119 8663
122 18530
125 8720
128 7204
131 7500
134 7338
137 7541
140 7633
143 7932
146 8092
149 8055
152 8271
156 8532
160 16181
164 8765
168 9114
172 9306
176 9171
180 9786
184 10435
188 10488
192 10751
196 11541
200 11089
204 11553
209 11503
214 11990
219 11964
224 12522
229 12979
234 12972
239 13403
244 14573
249 13840
254 18775
260 15414
266 15227
272 15377
278 16312
284 16289
290 19678
296 27853
302 27346
309 18926
316 19598
323 20481
330 21553
337 19369
344 19743
351 20085
359 20915
367 21025
375 21889
383 21688
391 23252
399 23250
407 24969
416 24761
425 23799
434 25292
443 25163
452 27327
462 26675
472 26817
482 27297
492 28118
502 28060
513 29576
524 30127
535 30769
546 32394
557 31582
569 32621
581 33365
593 35639
605 36042
618 36561
631 36197
644 51699
657 41027
671 40752
685 41621
699 44703
713 44422
728 45892
743 46996
758 49002
774 49598
790 51499
806 51316
823 53502
840 52408
857 53702
875 108338
893 58481
911 58578
930 62548
949 61715
968 61971
988 63467
1008 66623
1029 66355
1050 69747
1071 71257
1093 72529
1115 73523
1138 74576
1161 75727
1185 77744
1209 84500
1234 86393
1259 82490
1285 87599
1311 89583
1338 90658
1365 93416
1393 97742
1421 112628
1450 97503
1479 103935
1509 100704
1540 105461
1571 108519
1603 107604
1636 108441
1669 119676
1703 116279
1738 148766
1773 122010
1809 123286
1846 124017
1883 270821
1921 137281
1960 137831
2000 141789
2040 141838
2081 175470
2123 150012
2166 149730
2210 177010
2255 153866
2301 154658
2348 162703
2395 166151
2443 167327
2492 167974
2542 169170
2593 175289
2645 182036
2698 214769
2752 194609
2808 191746
2865 206719
2923 209020
2982 228602
3042 217181
3103 217315
3166 227688
3230 233954
3295 229584
3361 237319
3429 240401
3498 249306
3568 250380
3640 298458
3713 262322
3788 279052
3864 279844
3942 285877
4021 318593
4102 299964
4185 297702
4269 296526
4355 307430
4443 368892
4532 339569
4623 332268
4716 344473
4811 338864
4908 341898
5007 333035
5108 375786
5211 368615
5316 435199
5423 666431
5532 418639
5643 412370
5756 430166
5872 469447
5990 427181
6110 429128
6233 428782
6358 483273
6486 464057
6616 460593
6749 467972
6884 531490
7022 503528
7163 503865
7307 581732
7454 545555
7604 527059
7757 553735
7913 574651
8072 577810
8234 660664
8399 620790
8567 606828
8739 643472
8914 646794
9093 675003
9275 693565
9461 674913
9651 695620
9845 700161
10042 726619
10243 818034
10448 878954
10657 789425
10871 823715
11089 846854
11311 819541
11538 838664
11769 854859
12005 873962
12246 922872
12491 963845
12741 948257
12996 969787
13256 981309
13522 996955
13793 1017500
14069 1100661
14351 1385735
14639 1136053
14932 1136089
15231 1229152
15536 1241301
15847 1247979
16164 1202185
16488 1268210
16818 1299945
17155 1300284
17499 1540074
17849 1331561
18206 1382744
18571 1465365
18943 1440473
19322 1478920
19709 1575349
20104 1944931
20507 1643450
20918 1662871
21337 1626304
21764 1625744
22200 1868565
22644 1784595
23097 1851416
23559 2027814
24031 2108299
24512 1955004
25003 1999060
25504 1972414
26015 2071810
26536 2179006
27067 2146220
27609 2162932
28162 2282213
28726 2314720
29301 2261381
29888 2357372
30486 2459410
31096 2547665
31718 2643715
32353 2657525
33001 2680712
33662 2739256
34336 2680541
35023 2824342
35724 2920499
36439 2924916
37168 3201342
37912 3028549
38671 3099766
39445 3194315
40234 3660717
41039 3487494
41860 3423743
42698 3543646
43552 4357904
44424 3973850
45313 4006657
46220 4184744
47145 4678345
48088 4142955
49050 4239524
50031 4265080
51032 4131549
52053 4290882
53095 4414431
54157 4745864
55241 4989250
56346 5510089
57473 5119591
58623 5380029
59796 5806552
60992 5488792
62212 5434513
63457 5569370
64727 5429951
66022 5636304
67343 5818211
68690 6779246
70064 6793503
71466 6546680
72896 6522053
74354 6635727
75842 6895612
77359 6791460
78907 6715976
80486 6927637
82096 8204616
83738 7940458
85413 8307774
87122 8055285
88865 8236839
90643 8227918
92456 8199502
94306 8484002
96193 8696361
98117 9205898
