1000 1390
1050 1514
1102 1173
1157 1057
1214 1201
1274 1179
1337 1118
1403 1189
1473 1319
1546 1150
1623 1069
1704 1084
1789 1080
1878 946
1971 933
2069 1073
2172 1050
2280 1052
2394 1161
2513 1111
2638 996
2769 1034
2907 1262
3052 1105
3204 1116
3364 956
3532 1477
3708 1135
3893 1049
4087 928
4291 1249
4505 1082
4730 1085
4966 1007
5214 1068
5474 1211
5747 1046
6034 1030
6335 978
6651 1014
6983 993
7332 980
7698 1010
8082 1083
8486 1019
8910 998
9355 987
9822 1026
10313 1027
10828 1019
11369 1052
11937 1022
12533 1005
13159 1167
13816 1055
14506 1020
15231 1770
15992 1000
16791 1089
17630 1220
18511 1114
19436 1097
20407 1168
21427 1108
22498 1154
23622 1155
24803 1066
26043 1064
27345 1046
28712 1080
30147 1093
31654 1034
33236 1070
34897 1141
36641 1135
38473 1066
40396 1136
42415 2612
44535 1115
46761 1102
49099 1184
51553 1103
54130 1138
56836 1066
59677 1107
62660 1068
65793 1007
69082 1184
72536 1189
76162 1139
79970 1036
83968 1053
88166 1095
92574 1116
97202 1034
102062 1072
107165 1158
112523 1437
118149 1260
124056 1145
130258 1048
136770 1131
143608 1182
150788 1313
158327 1168
166243 1137
174555 1171
183282 1132
192446 1158
202068 1109
212171 1184
222779 1129
233917 1191
245612 1122
257892 1162
270786 1101
284325 1057
298541 1042
313468 1010
329141 1136
345598 1799
362877 1135
381020 1019
400071 1182
420074 1015
441077 1135
463130 1523
486286 1149
510600 1188
536130 1067
562936 1062
591082 1127
620636 1062
651667 1099
684250 2871
718462 1001
754385 1077
792104 1111
831709 1103
873294 1066
916958 1032
962805 1027
1010945 1694
1061492 1142
1114566 1060
1170294 1011
1228808 1011
1290248 1048
1354760 1048
1422498 1005
1493622 1066
1568303 1140
1646718 1047
1729053 1122
1815505 1060
1906280 1162
2001594 1025
2101673 1025
2206756 1146
2317093 1116
2432947 1167
2554594 1235
2682323 1138
2816439 1199
2957260 1185
3105123 1159
3260379 996
3423397 1500
3594566 1227
3774294 1129
3963008 1102
4161158 1148
4369215 1127
4587675 1062
4817058 1085
5057910 1197
5310805 974
5576345 1145
5855162 1191
6147920 1125
6455316 1068
6778081 1149
7116985 7503
7472834 1157
7846475 1090096
8238798 682
8650737 499
9083273 610
9537436 614
10014307 557
10515022 678
11040773 619
11592811 658
12172451 583
12781073 530
13420126 545
14091132 648
14795688 577
15535472 675
16312245 568
17127857 622
17984249 661
18883461 542
19827634 661
20819015 635
21859965 642
22952963 622
24100611 583
25305641 608
26570923 638
27899469 683
29294442 549
30759164 586
32297122 568
33911978 565
35607576 611
37387954 587
39257351 591
41220218 582
43281228 629
45445289 571
47717553 667
50103430 600
52608601 616
55239031 595
58000982 634
60901031 657
63946082 683
67143386 593
70500555 674
74025582 622
77726861 679
81613204 639
85693864 587
89978557 631
94477484 554
99201358 644
104161425 698
109369496 616
114837970 656
120579868 650
126608861 645
132939304 560
139586269 618
146565582 714
153893861 709
161588554 614
169667981 613
178151380 706
187058949 686
196411896 645
206232490 711
216544114 711
227371319 773
238739884 687
250676878 699
263210721 606
276371257 745
290189819 676
304699309 682
319934274 673
335930987 780
352727536 687
370363912 645
388882107 630
408326212 653
428742522 707
450179648 712
472688630 671
496323061 670
521139214 676
547196174 690
574555982 594
603283781 663
633447970 744
665120368 728
698376386 675
733295205 689
769959965 759
808457963 695
848880861 622
891324904 729
935891149 689
982685706 732
1031819991 697
1083410990 704
1137581539 683
1194460615 688
1254183645 709
1316892827 657
1382737468 747
1451874341 762
1524468058 656
1600691460 787
1680726033 728
1764762334 675
1853000450 635
1945650472 678
2042932995 727
2145079644 752
