1 5891
2 4739
3 1945
4 1790
5 1851
6 3460
7 2750
8 2357
9 2529
10 2773
11 2989
12 3127
13 3375
14 3813
15 6395
16 4352
17 4803
18 5364
19 5218
20 7549
21 7804
22 6531
23 7992
24 7135
25 7532
26 9180
27 8327
28 9265
29 9288
30 10585
31 9996
32 10038
33 11654
34 12479
35 11377
36 13386
37 14398
38 14865
39 17217
40 16027
41 4507
42 4184
43 4750
44 4441
45 4677
46 4875
47 5228
48 6565
49 5121
50 5864
51 5830
53 6263
55 7707
57 7130
59 7321
61 8273
63 9762
65 8929
67 9700
69 12575
71 10152
73 10558
75 29202
77 12305
79 12270
81 14750
83 13114
85 15633
87 15577
89 16351
91 15725
93 62738
95 17460
97 48774
99 20029
101 47108
104 20168
107 5921
110 6213
113 6749
116 7636
119 7697
122 7409
125 7197
128 7356
131 7673
134 8556
137 8572
140 9038
143 8892
146 9639
149 9644
152 10179
156 10388
160 10635
164 10888
168 11788
172 11785
176 12312
180 12036
184 12529
188 13454
192 13927
196 14407
200 14654
204 14766
209 15543
214 16928
219 17807
224 17908
229 17352
234 18289
239 19526
244 20131
249 19708
254 27869
260 22310
266 21956
272 22847
278 22675
284 23676
290 30922
296 26821
302 28865
309 26722
316 27671
323 30288
330 30082
337 30299
344 32471
351 33800
359 34874
367 34786
375 36487
383 38205
391 39160
399 40485
407 41819
416 42572
425 43366
434 44391
443 45565
452 47819
462 49783
472 50668
482 52932
492 54645
502 55296
513 58664
524 60188
535 67540
546 71414
557 65832
569 74227
581 76088
593 79573
605 74985
618 78864
631 88146
644 81250
657 84979
671 88926
685 90888
699 94608
713 97747
728 102379
743 104291
758 107485
774 114617
790 129093
806 122429
823 121620
840 129161
857 144538
875 139514
893 140964
911 147487
930 149005
949 177558
968 185209
988 189604
1008 169963
1029 204726
1050 211953
1071 195569
1093 198861
1115 234396
1138 243097
1161 217345
1185 262500
1209 271602
1234 241161
1259 259405
1285 262267
1311 272156
1338 279197
1365 285354
1393 296442
1421 329112
1450 330198
1479 329226
1509 374659
1540 409975
1571 391549
1603 377551
1636 413263
1669 406964
1703 467517
1738 434847
1773 454023
1809 510476
1846 521949
1883 646108
1921 564032
1960 540840
2000 567593
2040 577047
2081 620159
2123 719672
2166 643207
2210 666481
2255 676580
2301 696520
2348 721489
2395 747326
2443 772679
2492 831122
2542 833299
2593 863261
2645 894746
2698 961408
2752 984769
2808 1026474
2865 1153549
2923 1206417
2982 1181900
3042 1215512
3103 1239928
3166 1273879
3230 1339797
3295 1338296
3361 1490456
3429 1474161
3498 1484728
3568 1547687
3640 1791608
3713 1705785
3788 1920274
3864 1860065
3942 1978020
4021 2008631
4102 2061635
4185 2077145
4269 2172784
4355 2177070
4443 2454184
4532 2492089
4623 2730905
4716 2820339
4811 2748539
4908 2845313
5007 2840214
5108 3508623
5211 3384165
5316 3523508
5423 3801178
5532 3523818
5643 3682098
5756 3966511
5872 3939714
5990 4093869
6110 4265481
6233 4324821
6358 5436099
6486 5722784
6616 4821745
6749 5115953
6884 6269183
7022 6064570
7163 6006378
7307 6414917
7454 6165040
7604 6375579
7757 6943481
7913 7151492
8072 7120254
8234 7402306
8399 7738410
8567 8041552
8739 8660493
8914 8831202
9093 9226483
9275 9725803
9461 10097784
9651 10204190
9845 10544723
10042 11038648
10243 11412309
10448 11740311
10657 13504721
10871 12855122
11089 13735001
11311 13775746
11538 14397881
11769 14954709
12005 15458521
12246 16993900
12491 19316546
12741 18067667
12996 18359736
13256 19214789
13522 19495898
13793 20074948
14069 20857111
14351 21905826
14639 24047169
14932 25961516
15231 25098792
15536 26080817
15847 26600220
16164 27406863
16488 29703193
16818 31035112
17155 31140200
17499 32419730
17849 35050857
18206 34496107
18571 36732566
18943 37802906
19322 39035968
19709 43041428
20104 45401247
20507 46144683
20918 45307901
21337 48268967
21764 49389583
22200 58697148
22644 56587109
23097 56278816
23559 62664007
24031 60740431
24512 62974702
25003 64763962
25504 67528389
26015 70456185
26536 75343639
27067 75770043
27609 78382142
28162 85035048
28726 85655539
29301 88849744
29888 96031674
