1 4214
2 3930
3 2688
4 1342
5 1823
6 2212
7 2060
8 2729
9 2213
10 2371
11 2633
12 2556
13 2900
14 3029
15 3449
16 3188
17 3870
18 3541
19 3730
20 3960
21 4765
22 4273
23 5869
24 5025
25 5428
26 4843
27 5190
28 5202
29 5140
30 4951
31 7705
32 6118
33 5559
34 6703
35 6561
36 6377
37 8182
38 7426
39 7924
40 7895
41 6755
42 9993
43 11950
44 8469
45 8603
46 10275
47 9499
48 9639
49 10961
50 9810
51 10040
53 10575
55 12279
57 12355
59 13297
61 12961
63 14184
65 18638
67 15381
69 17191
71 16210
73 17420
75 16448
77 19412
79 16703
81 18712
83 18461
85 20927
87 20568
89 19760
91 22849
93 23089
95 21884
97 23951
99 23621
101 22526
104 27378
107 26893
110 26713
113 29022
116 28878
119 30904
122 31283
125 31787
128 32630
131 34121
134 36230
137 36892
140 37078
143 38247
146 38559
149 38805
152 41005
156 42543
160 44042
164 45256
168 47007
172 47919
176 48629
180 50270
184 51730
188 52219
192 54879
196 55980
200 58950
204 58834
209 62460
214 63401
219 64035
224 66254
229 66739
234 69701
239 73024
244 73845
249 76810
254 121074
260 86500
266 33291
272 41968
278 21431
284 21420
290 99533
296 23191
302 24889
309 69385
316 24610
323 59283
330 26039
337 26982
344 65795
351 27185
359 72216
367 29504
375 72902
383 31483
391 480364
399 33189
407 73462
416 33393
425 76455
434 74125
443 37374
452 85418
462 78531
472 39929
482 81448
492 41726
502 85256
513 79853
524 44451
535 75979
546 49567
557 89254
569 90450
581 83852
593 74440
605 53582
618 80579
631 83298
644 87524
657 89099
671 117003
685 100076
699 104077
713 232301
728 39964
743 41353
758 41866
774 42706
790 44492
806 44777
823 46096
840 46274
857 48388
875 50303
893 51062
911 52596
930 53023
949 55017
968 54958
988 58580
1008 58043
1029 59275
1050 66764
1071 63087
1093 65825
1115 65695
1138 67911
1161 68667
1185 70363
1209 72551
1234 74194
1259 79623
1285 77518
1311 80169
1338 81990
1365 83354
1393 86449
1421 91417
1450 89918
1479 94736
1509 93460
1540 97381
1571 99092
1603 100600
1636 103944
1669 104961
1703 109098
1738 109989
1773 114352
1809 116899
1846 120818
1883 147392
1921 127638
1960 127694
2000 130532
2040 136023
2081 177032
2123 146818
2166 142565
2210 160194
2255 148952
2301 149988
2348 156053
2395 155919
2443 161852
2492 165086
2542 167513
2593 171201
2645 180142
2698 188555
2752 194161
2808 196560
2865 197760
2923 207340
2982 224318
3042 211599
3103 218815
3166 223541
3230 231755
3295 226699
3361 232664
3429 238826
3498 250117
3568 251734
3640 281443
3713 268622
3788 275837
3864 298625
3942 323861
4021 294993
4102 305787
4185 299681
4269 302178
4355 305960
4443 328537
4532 346650
4623 347819
4716 391885
4811 357568
4908 361903
5007 370617
5108 388691
5211 402175
5316 411983
5423 454212
5532 425348
5643 411344
5756 443839
5872 444037
5990 455473
6110 488733
6233 467385
6358 500433
6486 513802
6616 563778
6749 512217
6884 532052
7022 636744
7163 549470
7307 602166
7454 585301
7604 579314
7757 609105
7913 667035
8072 699467
8234 637924
8399 663164
8567 668895
8739 713995
8914 713694
9093 747243
9275 776169
9461 749647
9651 769893
9845 908330
10042 818264
10243 830245
10448 895898
10657 893388
10871 896602
11089 894314
11311 928011
11538 1020409
11769 979856
12005 1025111
12246 1109585
12491 1095261
12741 1266038
12996 1138480
13256 1113246
13522 1255082
13793 1193646
14069 1224639
14351 1213433
14639 1403680
14932 1351433
15231 1323254
15536 1378369
15847 1384369
16164 1422594
16488 1563678
16818 1497488
17155 1570092
17499 1606036
17849 1630914
18206 1740944
18571 1803460
18943 1675951
19322 1792732
19709 1844789
20104 2073481
20507 1970842
20918 2149036
21337 1941813
21764 1954312
22200 2177452
22644 2122811
23097 2113993
23559 2279260
24031 2543194
24512 2241696
25003 2322615
25504 2469737
26015 2471855
26536 2828264
27067 2530772
27609 2606442
28162 2753956
28726 2800653
29301 2773203
29888 2912139
